9009107
657478
1526237
59124
23790
644259
651956
603911
9008787
1520991
638005
9012192
60327
406932
108924
7223695
2004011
108914
600718
108917
4513295
83363
7117792
1538356
39765
4508861
620234
9009099
9009110
4002154
35700
1532142
59125
9009166
1537411
43003
187304
9009125
174134
4344218
1532143
1535681
9009109
1522027
246906
24313
8104257
653170
2105478
83883
2310380
66356
108534
24316
420650
1535673
42210
8103710
607619
608511
1535644
22081
1539815
1535658
9009100
1539555
237032
625401
1533167
159280
638846
424413
9012135
55710
8103606
251654
24318
260368
9011471
1509506
195336
424414
1535971
633480
20624
162899
9009147
1537492
425582
2105342
9008967
9008968
42072
651083
9010633
1001109
416669
107308
1537202
1526264
9012193
9009095
9007815
9009194
75001
165398
2310534
1542227
626873
2014617
9003581
23171
42443
190384
4513280
9015432
642729
2206574
251655
24755
9008985
1509387
2106381
9008322
1540056
27392
9012697
1510610
1510294
43328
151400
80577
9009130
634664
4344519
22080
68292
155025
40981
9008211
1528451
415955
20717
9008958
1539310
1539705
1522025
69659
9007661
44792
40824
1524096
250250
8104287
4327327
5910006
182677
20566
9008966
1535702
648438
29035
24380
42207
1539645
2310589
9009154
1521538
42257
428909
425979
1011332
638959
7206470
185350
1531960
1537488
1534386
83884
635254
75936
8104022
61046
168248
2107068
1528118
28245
42312
44795
6066
2310654
9015549
61391
609280
626810
1539764
9008030
2310945
9014575
1537487
24059
2107064
1540841
640503
604398
169291
9009141
1539811
9004849
24757
108927
86174
1537360
1008063
9009126
1530902
42252
4031460
2310355
1538603
2002185
418978
2013470
422483
2013551
1539851
246907
2016170
2206575
2106692
24381
4124624
9014952
4333283
628999
418061
2310357
51772
61005
4331401
1509347
1536702
1540014
8103685
9009113
1537200
645529
27987
9009138
2310533
9009124
428088
1522780
1509321
108916
8103827
1510021
60585
31536
657320
1010151
9009097
638902
35701
1538430
1537493
417149
35699
9011538
4343762
7221395
73388
87797
52117
2001932
634670
39427
9012705
8101148
626718
44753
162905
162898
162904
9009182
1538434
9014719
645379
653175
4344384
190383
9014252
87398
2004955
9015767
1538289
23530
9013931
9012191
634901
1530863
652233
1534338
645308
28510
1537359
44793
9003580
1535669
36255
22273
600719
42268
261539
1537410
603582
84217
1537583
28318
1520546
9009128
67500
41928
2012362
4310736
4343683
108915
80875
162903
1524268
9008783
1538073
651463
43292
63490
652743
8102920
2002027
1537442
42198
23791
1534198
1537517
4030178
1528165
1548805
86519
151974
8103829
2310532
9014655
1532008
25506
42074
9009134
42253
77983
5910110
1539511
35386
42255
4327330
1541056
1536197
9009103
1537197
1538041
51245
76576
1010602
162902
9006331
1537489
169572
51244
638962
9009131
186207
76577
1527302
2106698
1521250
183096
8104024
1535636
1543733
9009104
9013924
626052
36250
4031648
20785
9014987
1535650
258397
1509399
1528449
1010575
9011314
9009121
2310820
1537490
644346
1538374
1535251
648582
638898
1528933
2310356
651529
151469
1522781
151925
639980
33722
9009111
4124261
162900
107932
24058
25507
44637
1537675
868
1538044
76730
1527188
1000229
62340
1536707
